VERTEX = 146
0.0 0.0 0.0
49.6148 0.0 0.0
47.9243 0.0 12.8413
42.9677 0.0 24.8074
35.083 0.0 35.083
24.8074 0.0 42.9677
12.8413 0.0 47.9243
3.74582e-006 0.0 49.6148
-12.8413 0.0 47.9243
-24.8074 0.0 42.9677
-35.083 0.0 35.083
-42.9677 0.0 24.8074
-47.9243 0.0 12.8413
-49.6148 0.0 1.93207e-005
-47.9243 0.0 -12.8412
-42.9677 0.0 -24.8074
-35.083 0.0 -35.083
-24.8074 0.0 -42.9677
-12.8413 0.0 -47.9243
-2.30666e-005 0.0 -49.6148
12.8412 0.0 -47.9243
24.8074 0.0 -42.9677
35.083 0.0 -35.083
42.9677 0.0 -24.8075
47.9243 0.0 -12.8413
42.6608 11.9213 0.0
41.2071 11.9213 11.0414
36.9453 11.9213 21.3304
30.1657 11.9213 30.1657
21.3304 11.9213 36.9453
11.0414 11.9213 41.2071
3.2208e-006 11.9213 42.6608
-11.0414 11.9213 41.2071
-21.3304 11.9213 36.9453
-30.1657 11.9213 30.1657
-36.9453 11.9213 21.3304
-41.2071 11.9213 11.0414
-42.6608 11.9213 1.66127e-005
-41.2071 11.9213 -11.0414
-36.9453 11.9213 -21.3304
-30.1657 11.9213 -30.1657
-21.3304 11.9213 -36.9453
-11.0414 11.9213 -41.2071
-1.98335e-005 11.9213 -42.6608
11.0414 11.9213 -41.2071
21.3304 11.9213 -36.9453
30.1657 11.9213 -30.1657
36.9453 11.9213 -21.3304
41.2071 11.9213 -11.0414
35.7067 23.8426 0.0
34.49 23.8426 9.24157
30.9229 23.8426 17.8533
25.2484 23.8426 25.2484
17.8533 23.8426 30.9229
9.24157 23.8426 34.49
2.69578e-006 23.8426 35.7067
-9.24157 23.8426 34.49
-17.8533 23.8426 30.9229
-25.2484 23.8426 25.2484
-30.9229 23.8426 17.8534
-34.49 23.8426 9.24158
-35.7067 23.8426 1.39047e-005
-34.49 23.8426 -9.24155
-30.9229 23.8426 -17.8533
-25.2485 23.8426 -25.2484
-17.8534 23.8426 -30.9229
-9.24158 23.8426 -34.49
-1.66005e-005 23.8426 -35.7067
9.24155 23.8426 -34.49
17.8533 23.8426 -30.9229
25.2484 23.8426 -25.2485
30.9229 23.8426 -17.8534
34.49 23.8426 -9.2416
28.7526 35.7638 0.0
27.7729 35.7638 7.44172
24.9005 35.7638 14.3763
20.3312 35.7638 20.3312
14.3763 35.7638 24.9005
7.44172 35.7638 27.7729
2.17076e-006 35.7638 28.7526
-7.44172 35.7638 27.7729
-14.3763 35.7638 24.9005
-20.3312 35.7638 20.3312
-24.9005 35.7638 14.3763
-27.7729 35.7638 7.44173
-28.7526 35.7638 1.11967e-005
-27.7729 35.7638 -7.44171
-24.9005 35.7638 -14.3763
-20.3312 35.7638 -20.3312
-14.3763 35.7638 -24.9005
-7.44173 35.7638 -27.7729
-1.33674e-005 35.7638 -28.7526
7.44171 35.7638 -27.7729
14.3763 35.7638 -24.9005
20.3312 35.7638 -20.3312
24.9005 35.7638 -14.3763
27.7729 35.7638 -7.44174
21.7985 47.6851 0.0
21.0558 47.6851 5.64187
18.8781 47.6851 10.8993
15.4139 47.6851 15.4139
10.8993 47.6851 18.8781
5.64187 47.6851 21.0558
1.64574e-006 47.6851 21.7985
-5.64187 47.6851 21.0558
-10.8993 47.6851 18.8781
-15.4139 47.6851 15.4139
-18.8781 47.6851 10.8993
-21.0558 47.6851 5.64188
-21.7985 47.6851 8.48866e-006
-21.0558 47.6851 -5.64186
-18.8781 47.6851 -10.8993
-15.4139 47.6851 -15.4139
-10.8993 47.6851 -18.8781
-5.64188 47.6851 -21.0558
-1.01344e-005 47.6851 -21.7985
5.64186 47.6851 -21.0558
10.8993 47.6851 -18.8781
15.4139 47.6851 -15.4139
18.8781 47.6851 -10.8993
21.0558 47.6851 -5.64189
14.8444 59.6064 0.0
14.3386 59.6064 3.84203
12.8557 59.6064 7.42222
10.4966 59.6064 10.4966
7.42222 59.6064 12.8557
3.84203 59.6064 14.3386
1.12072e-006 59.6064 14.8444
-3.84202 59.6064 14.3386
-7.42222 59.6064 12.8557
-10.4966 59.6064 10.4966
-12.8557 59.6064 7.42223
-14.3386 59.6064 3.84203
-14.8444 59.6064 5.78064e-006
-14.3386 59.6064 -3.84202
-12.8557 59.6064 -7.42222
-10.4966 59.6064 -10.4966
-7.42223 59.6064 -12.8557
-3.84203 59.6064 -14.3386
-6.90136e-006 59.6064 -14.8444
3.84202 59.6064 -14.3386
7.42221 59.6064 -12.8557
10.4966 59.6064 -10.4966
12.8557 59.6064 -7.42223
14.3386 59.6064 -3.84204
0.0 59.6064 0.0
INDEX = 288
0 1 2
0 2 3
0 3 4
0 4 5
0 5 6
0 6 7
0 7 8
0 8 9
0 9 10
0 10 11
0 11 12
0 12 13
0 13 14
0 14 15
0 15 16
0 16 17
0 17 18
0 18 19
0 19 20
0 20 21
0 21 22
0 22 23
0 23 24
0 24 1
1 25 26
1 26 2
2 26 27
2 27 3
3 27 28
3 28 4
4 28 29
4 29 5
5 29 30
5 30 6
6 30 31
6 31 7
7 31 32
7 32 8
8 32 33
8 33 9
9 33 34
9 34 10
10 34 35
10 35 11
11 35 36
11 36 12
12 36 37
12 37 13
13 37 38
13 38 14
14 38 39
14 39 15
15 39 40
15 40 16
16 40 41
16 41 17
17 41 42
17 42 18
18 42 43
18 43 19
19 43 44
19 44 20
20 44 45
20 45 21
21 45 46
21 46 22
22 46 47
22 47 23
23 47 48
23 48 24
24 48 25
24 25 1
25 49 50
25 50 26
26 50 51
26 51 27
27 51 52
27 52 28
28 52 53
28 53 29
29 53 54
29 54 30
30 54 55
30 55 31
31 55 56
31 56 32
32 56 57
32 57 33
33 57 58
33 58 34
34 58 59
34 59 35
35 59 60
35 60 36
36 60 61
36 61 37
37 61 62
37 62 38
38 62 63
38 63 39
39 63 64
39 64 40
40 64 65
40 65 41
41 65 66
41 66 42
42 66 67
42 67 43
43 67 68
43 68 44
44 68 69
44 69 45
45 69 70
45 70 46
46 70 71
46 71 47
47 71 72
47 72 48
48 72 49
48 49 25
49 73 74
49 74 50
50 74 75
50 75 51
51 75 76
51 76 52
52 76 77
52 77 53
53 77 78
53 78 54
54 78 79
54 79 55
55 79 80
55 80 56
56 80 81
56 81 57
57 81 82
57 82 58
58 82 83
58 83 59
59 83 84
59 84 60
60 84 85
60 85 61
61 85 86
61 86 62
62 86 87
62 87 63
63 87 88
63 88 64
64 88 89
64 89 65
65 89 90
65 90 66
66 90 91
66 91 67
67 91 92
67 92 68
68 92 93
68 93 69
69 93 94
69 94 70
70 94 95
70 95 71
71 95 96
71 96 72
72 96 73
72 73 49
73 97 98
73 98 74
74 98 99
74 99 75
75 99 100
75 100 76
76 100 101
76 101 77
77 101 102
77 102 78
78 102 103
78 103 79
79 103 104
79 104 80
80 104 105
80 105 81
81 105 106
81 106 82
82 106 107
82 107 83
83 107 108
83 108 84
84 108 109
84 109 85
85 109 110
85 110 86
86 110 111
86 111 87
87 111 112
87 112 88
88 112 113
88 113 89
89 113 114
89 114 90
90 114 115
90 115 91
91 115 116
91 116 92
92 116 117
92 117 93
93 117 118
93 118 94
94 118 119
94 119 95
95 119 120
95 120 96
96 120 97
96 97 73
97 121 122
97 122 98
98 122 123
98 123 99
99 123 124
99 124 100
100 124 125
100 125 101
101 125 126
101 126 102
102 126 127
102 127 103
103 127 128
103 128 104
104 128 129
104 129 105
105 129 130
105 130 106
106 130 131
106 131 107
107 131 132
107 132 108
108 132 133
108 133 109
109 133 134
109 134 110
110 134 135
110 135 111
111 135 136
111 136 112
112 136 137
112 137 113
113 137 138
113 138 114
114 138 139
114 139 115
115 139 140
115 140 116
116 140 141
116 141 117
117 141 142
117 142 118
118 142 143
118 143 119
119 143 144
119 144 120
120 144 121
120 121 97
145 122 121
145 123 122
145 124 123
145 125 124
145 126 125
145 127 126
145 128 127
145 129 128
145 130 129
145 131 130
145 132 131
145 133 132
145 134 133
145 135 134
145 136 135
145 137 136
145 138 137
145 139 138
145 140 139
145 141 140
145 142 141
145 143 142
145 144 143
145 121 144
