GPJ
BMMFORM
{
	OBJECT_TYPE 1
	MATERIALGROUP 2
	{
		MATERIAL 0
		{
			DIFFUSE [0.588 0.588 0.588 1]
			AMBIENT [0.588 0.588 0.588 1]
			SPECULAR [0.9 0.9 0.9 1]
			EMISSIVE [0.588 0.588 0.588 0]
			POWER 0.0
		}
		MATERIAL 1
		{
			DIFFUSE [0.588235 0.588235 0.588235 1]
			AMBIENT [0.588235 0.588235 0.588235 1]
			SPECULAR [0.9 0.9 0.9 1]
			EMISSIVE [0.588235 0.588235 0.588235 0]
			POWER 0.0
			TEXTURE "C:\Documents and Settings\¿õ\¹ÙÅÁ È­¸é\»õ Æú´õ (4)\55.bmp"
		}
	}
	MESHGROUP 1
	{
		MESH 0 "Box01" -1 1
		{
			VERTEXNORMAL 0
			{
			}
			VERTEXNORMALTEX 106
			{
				VECNORMTEX [-14.3981,-25.3807,-51.7766] [-0.141341,-1.50706,-0.335866] [0.0931053,0.269987]
				VECNORMTEX [-14.3981,-22.4238,0.507613] [-0.371514,-1.33721,0.5323] [0.437936,0.289488]
				VECNORMTEX [-6.61167,-4.63075,52.7919] [-0.35433,-0.166378,0.423581] [0.467401,0.68997]
				VECNORMTEX [-14.3981,25.3807,-51.7766] [-0.152906,1.50348,-0.338111] [0.0931053,0.604774]
				VECNORMTEX [-11.6809,25.8038,0.507614] [0,1.45967,0.19474] [0.437936,0.0365932]
				VECNORMTEX [-6.61167,21.2388,52.7919] [-0.594902,0.443575,0.541237] [0.782767,0.0700264]
				VECNORMTEX [-14.3981,-27.8079,-40.8859] [-0.246565,-1.43081,-0.467439] [0.164933,0.253979]
				VECNORMTEX [-14.3981,27.7533,-41.2266] [-0.093148,1.54768,-0.260362] [0.162686,0.0186726]
				VECNORMTEX [-10.7899,-11.2328,31.1393] [-0.109757,-1.51899,0.718241] [0.639962,0.363297]
				VECNORMTEX [-8.28035,21.2388,34.724] [0.00125136,1.64838,0.219919] [0.663604,0.0590208]
				VECNORMTEX [-26.2208,-4.08482,-51.7766] [-0.95353,-0.0559399,-0.296058] [0.0931053,0.41044]
				VECNORMTEX [-12.9888,12.8573,52.6516] [-0.738591,0.550713,0.671964] [0.586783,0.753066]
				VECNORMTEX [-26.1358,-7.68518e-006,0.507613] [-0.875294,0.477533,0.0763127] [0.437936,0.43738]
				VECNORMTEX [-28.2454,-8.37055e-006,-41.3201] [-0.948844,0.284132,-0.137709] [0.56206,0.816784]
				VECNORMTEX [-17.5208,9.68406,30.999] [-0.815684,0.567342,0.113056] [0.639036,0.50125]
				VECNORMTEX [-9.90444,-4.08482,-65.0874] [-0.151332,-0.0401412,-0.987668] [0.901973,0.503739]
				VECNORMTEX [-6.61167,12.8573,59.661] [-0.340849,0.149911,0.928089] [0.603566,0.686742]
				VECNORMTEX [-9.90444,-18.2322,-61.7766] [-0.0894603,-0.226951,-0.969789] [0.0271522,0.317133]
				VECNORMTEX [-9.90444,18.2322,-61.7766] [-0.0685511,0.146402,-0.986847] [0.0271522,0.557627]
				VECNORMTEX [-20.255,-4.08482,-61.7766] [-0.304575,-0.0236975,-0.952194] [0.0271522,0.41044]
				VECNORMTEX [-8.21945,25.8038,0.507614] [-0.00457222,0.994473,0.104889] [0.437936,0.0594224]
				VECNORMTEX [-2.0688,21.2388,52.7919] [0,1.99138,2.42982] [0.820541,0.067724]
				VECNORMTEX [-11.8947,27.7533,-41.2266] [-0.0211848,0.997885,-0.0614515] [0.162686,0.0351834]
				VECNORMTEX [-3.08316,21.2388,34.6925] [-0.000557636,0.996049,0.0888093] [0.956781,0.294045]
				VECNORMTEX [-6.50978,32.0407,-15.0393] [-0.110811,0.98893,0.0986801] [0.335221,0.0756271]
				VECNORMTEX [-6.50978,33.9656,-34.33] [-0.119999,0.987557,0.101648] [0.215181,0.0744819]
				VECNORMTEX [-2.0688,38.4742,52.5268] [0,0.984604,-0.1748] [0.96546,0.0677245]
				VECNORMTEX [-3.08315,37.0891,44.7252] [0,0.984604,-0.1748] [0.956787,0.133846]
				VECNORMTEX [-17.4083,5.10574,31.0478] [-0.885016,-0.379676,0.26943] [0.639359,0.471054]
				VECNORMTEX [-12.9041,8.57037,52.7135] [-1.0322,-0.484678,1.23394] [0.557102,0.731738]
				VECNORMTEX [-38.0597,7.15045,51.2365] [-0.678853,-0.223282,0.699503] [0.942344,0.860064]
				VECNORMTEX [-34.2577,8.02375,55.2331] [-0.679992,-0.228301,0.696771] [0.876349,0.947745]
				VECNORMTEX [-32.755,3.7368,55.295] [-0.679079,-0.224269,0.698968] [0.857762,0.909381]
				VECNORMTEX [-36.5273,2.57214,51.2854] [-0.677967,-0.219443,0.701574] [0.904797,0.88037]
				VECNORMTEX [-26.2615,-6.86657,0.507614] [-0.784088,-0.597919,0.16643] [0.437936,0.392093]
				VECNORMTEX [-27.367,-9.5586,-41.103] [-0.886308,-0.444455,-0.130066] [0.163501,0.374338]
				VECNORMTEX [-76.7354,15.8566,-35.0422] [-0.91517,0.109814,0.38782] [0.389243,0.634092]
				VECNORMTEX [-64.7372,10.6037,-3.52072] [-0.935887,-0.0327776,0.350772] [0.268347,0.784959]
				VECNORMTEX [-64.5724,5.89971,-3.52072] [-0.934317,-0.0137499,0.356177] [0.277037,0.795876]
				VECNORMTEX [-77.478,9.72141,-34.8251] [-0.911923,0.124207,0.391113] [0.371625,0.6586]
				VECNORMTEX [-49.7993,4.35433,-38.973] [0.197449,0.980298,-0.00543521] [0.479332,0.747094]
				VECNORMTEX [-47.0248,4.00469,-1.24337] [0.189046,0.981922,-0.00953498] [0.229045,0.868374]
				VECNORMTEX [-44.0538,-1.7806,-0.719507] [-0.0684489,0.00125333,0.997654] [0.322506,0.893854]
				VECNORMTEX [-46.7934,-3.49257,-38.2225] [-0.288687,-0.955235,0.0646935] [0.473077,0.787821]
				VECNORMTEX [14.3981,-25.3807,-51.7766] [0.141341,-1.50706,-0.335866] [0.0931053,0.269987]
				VECNORMTEX [14.3981,-27.8079,-40.8859] [0.246565,-1.43081,-0.467439] [0.164933,0.253979]
				VECNORMTEX [0,-31.423,-42.4484] [0,-0.983831,-0.179101] [0.644986,0.234527]
				VECNORMTEX [0,-26.7311,-51.7766] [0,-0.934501,-0.355961] [0.716814,0.234527]
				VECNORMTEX [14.3981,-22.4238,0.507613] [0.371514,-1.33721,0.5323] [0.437936,0.289488]
				VECNORMTEX [10.7899,-11.2328,31.1393] [0.109757,-1.51899,0.718241] [0.639962,0.363297]
				VECNORMTEX [0,-11.2328,31.1393] [0,-0.928869,0.370409] [0.169958,0.234527]
				VECNORMTEX [0,-26.0389,1.475] [0,-0.966532,0.256545] [0.371983,0.234527]
				VECNORMTEX [14.3981,25.3807,-51.7766] [0.152906,1.50348,-0.338111] [0.0931053,0.604774]
				VECNORMTEX [0,26.845,-51.7766] [0,0.967146,-0.254223] [0.0931053,0.113632]
				VECNORMTEX [11.8947,27.7533,-41.2266] [0.0211848,0.997885,-0.0614514] [0.162686,0.0351834]
				VECNORMTEX [14.3981,27.7533,-41.2266] [0.093148,1.54768,-0.260362] [0.162686,0.0186726]
				VECNORMTEX [11.6809,25.8038,0.507614] [0,1.45967,0.19474] [0.437936,0.0365932]
				VECNORMTEX [8.21945,25.8038,0.507614] [0.00457222,0.994473,0.104889] [0.437936,0.0594224]
				VECNORMTEX [3.08316,21.2388,34.6925] [0.000557636,0.996049,0.0888093] [0.956781,0.294045]
				VECNORMTEX [8.28035,21.2388,34.724] [-0.00125136,1.64838,0.219919] [0.663604,0.0590208]
				VECNORMTEX [9.90444,-18.2322,-61.7766] [0.0894603,-0.226951,-0.969789] [0.0271522,0.317133]
				VECNORMTEX [0,-18.2322,-61.7766] [0,-0.227865,-0.973693] [0.782767,0.234527]
				VECNORMTEX [0,-4.08482,-65.0874] [0,-0.0412912,-0.999147] [0.820691,0.503739]
				VECNORMTEX [9.90444,-4.08482,-65.0874] [0.151332,-0.0401412,-0.987668] [0.901973,0.503739]
				VECNORMTEX [6.61167,-4.63075,52.7919] [0.35433,-0.166378,0.423581] [0.467401,0.68997]
				VECNORMTEX [12.9041,8.57037,52.7135] [1.0322,-0.484678,1.23394] [0.557102,0.731738]
				VECNORMTEX [6.61167,12.8573,59.661] [0.340849,0.149911,0.928089] [0.603566,0.686742]
				VECNORMTEX [17.4083,5.10574,31.0478] [0.885016,-0.379676,0.26943] [0.639359,0.471054]
				VECNORMTEX [27.367,-9.5586,-41.103] [0.886308,-0.444455,-0.130066] [0.163501,0.374338]
				VECNORMTEX [26.2615,-6.86657,0.507614] [0.784088,-0.597919,0.16643] [0.437936,0.392093]
				VECNORMTEX [0,34.8968,-35.5506] [0,0.994673,0.103079] [0.214175,0.114156]
				VECNORMTEX [0,32.7404,-14.742] [0,0.994979,0.100086] [0.334915,0.114155]
				VECNORMTEX [6.50978,32.0407,-15.0393] [0.110811,0.98893,0.0986801] [0.335221,0.0756271]
				VECNORMTEX [6.50978,33.9656,-34.33] [0.119999,0.987557,0.101648] [0.215181,0.0744819]
				VECNORMTEX [26.2208,-4.08482,-51.7766] [0.95353,-0.0559399,-0.296058] [0.0931053,0.41044]
				VECNORMTEX [28.2454,-8.37055e-006,-41.3201] [0.948844,0.284132,-0.137709] [0.56206,0.816784]
				VECNORMTEX [0,-4.63075,52.7919] [0,-1.50251,0.458126] [0.466264,0.642024]
				VECNORMTEX [0,37.0891,44.7252] [0,0.984604,-0.1748] [0.983108,0.133878]
				VECNORMTEX [0,38.4742,52.5268] [0,0.984604,-0.1748] [0.964949,0.050819]
				VECNORMTEX [2.0688,38.4742,52.5268] [0,0.984604,-0.1748] [0.96546,0.0677245]
				VECNORMTEX [3.08315,37.0891,44.7252] [0,0.984604,-0.1748] [0.956787,0.133846]
				VECNORMTEX [0,18.2322,-61.7766] [0,0.146747,-0.989174] [0.0271522,0.113632]
				VECNORMTEX [9.90444,18.2322,-61.7766] [0.0685511,0.146402,-0.986847] [0.0271522,0.557627]
				VECNORMTEX [12.9888,12.8573,52.6516] [0.738591,0.550713,0.671964] [0.586783,0.753066]
				VECNORMTEX [6.61167,21.2388,52.7919] [0.594902,0.443575,0.541237] [0.782767,0.0700264]
				VECNORMTEX [17.5208,9.68406,30.999] [0.815684,0.567342,0.113056] [0.639036,0.50125]
				VECNORMTEX [26.1358,-7.68518e-006,0.507613] [0.875294,0.477533,0.0763126] [0.437936,0.43738]
				VECNORMTEX [20.255,-4.08482,-61.7766] [0.304575,-0.0236975,-0.952194] [0.0271522,0.41044]
				VECNORMTEX [2.0688,21.2388,52.7919] [0,1.99138,2.42982] [0.820541,0.067724]
				VECNORMTEX [0,21.2388,52.7919] [0,0.633875,0.773435] [0.820541,0.0508185]
				VECNORMTEX [0,12.8573,59.661] [0,0.155506,0.987835] [0.602517,0.638793]
				VECNORMTEX [0,29.2176,-44.1896] [0,0.954423,-0.298456] [0.162686,0.113632]
				VECNORMTEX [0,25.8038,1.475] [0,0.990876,0.13478] [0.437066,0.114155]
				VECNORMTEX [0,21.2388,34.6925] [0,0.990689,0.136146] [0.983106,0.294046]
				VECNORMTEX [36.5273,2.57214,51.2854] [0.677967,-0.219443,0.701574] [0.904797,0.88037]
				VECNORMTEX [38.0597,7.15045,51.2365] [0.678853,-0.223282,0.699503] [0.942344,0.860064]
				VECNORMTEX [34.2577,8.02375,55.2331] [0.679992,-0.228301,0.696771] [0.876349,0.947745]
				VECNORMTEX [32.755,3.7368,55.295] [0.679079,-0.224269,0.698968] [0.857762,0.909381]
				VECNORMTEX [77.478,9.72141,-34.8251] [0.911923,0.124207,0.391113] [0.371625,0.6586]
				VECNORMTEX [76.7354,15.8566,-35.0422] [0.91517,0.109814,0.38782] [0.389243,0.634092]
				VECNORMTEX [64.7372,10.6037,-3.52072] [0.935887,-0.0327776,0.350772] [0.268347,0.784959]
				VECNORMTEX [64.5724,5.89971,-3.52072] [0.934317,-0.0137499,0.356177] [0.277037,0.795876]
				VECNORMTEX [47.0248,4.00469,-1.24337] [-0.197449,0.980298,-0.00543521] [0.229045,0.868374]
				VECNORMTEX [49.7993,4.35433,-38.973] [-0.197449,0.980298,-0.00543521] [0.479332,0.747094]
				VECNORMTEX [44.0538,-1.7806,-0.719507] [0.0734205,0.0524771,0.995919] [0.322506,0.893854]
				VECNORMTEX [46.7934,-3.49257,-38.2225] [0.288687,-0.955235,0.0646935] [0.473077,0.787821]
			}
			INDEX 208
			{
				IDX [6,47,46]
				IDX [47,6,0]
				IDX [8,51,50]
				IDX [51,8,1]
				IDX [53,7,22]
				IDX [7,53,3]
				IDX [20,9,23]
				IDX [9,20,4]
				IDX [61,15,62]
				IDX [15,61,17]
				IDX [2,16,29]
				IDX [2,28,8]
				IDX [28,2,29]
				IDX [1,35,6]
				IDX [35,1,34]
				IDX [1,46,51]
				IDX [46,1,6]
				IDX [71,25,24]
				IDX [25,71,70]
				IDX [10,35,13]
				IDX [2,50,76]
				IDX [50,2,8]
				IDX [77,26,78]
				IDX [26,77,27]
				IDX [8,34,1]
				IDX [81,15,18]
				IDX [15,81,62]
				IDX [11,16,5]
				IDX [9,11,5]
				IDX [11,9,14]
				IDX [7,12,4]
				IDX [12,7,13]
				IDX [3,13,7]
				IDX [13,3,10]
				IDX [4,14,9]
				IDX [14,4,12]
				IDX [18,15,19]
				IDX [15,17,19]
				IDX [21,90,89]
				IDX [5,90,21]
				IDX [5,16,90]
				IDX [2,90,16]
				IDX [90,2,76]
				IDX [0,61,47]
				IDX [61,0,17]
				IDX [53,18,3]
				IDX [18,53,81]
				IDX [3,19,10]
				IDX [19,3,18]
				IDX [10,17,0]
				IDX [17,10,19]
				IDX [53,22,91]
				IDX [92,23,93]
				IDX [23,92,20]
				IDX [4,22,7]
				IDX [22,4,20]
				IDX [5,23,9]
				IDX [23,5,21]
				IDX [92,24,20]
				IDX [24,92,71]
				IDX [20,25,22]
				IDX [25,20,24]
				IDX [22,70,91]
				IDX [70,22,25]
				IDX [89,26,21]
				IDX [26,89,78]
				IDX [21,27,23]
				IDX [27,21,26]
				IDX [23,77,93]
				IDX [77,23,27]
				IDX [30,32,31]
				IDX [32,30,33]
				IDX [14,31,11]
				IDX [31,14,30]
				IDX [11,32,29]
				IDX [32,11,31]
				IDX [29,33,28]
				IDX [33,29,32]
				IDX [28,30,14]
				IDX [30,28,33]
				IDX [36,38,37]
				IDX [38,36,39]
				IDX [13,41,12]
				IDX [41,13,40]
				IDX [12,42,34]
				IDX [42,12,41]
				IDX [35,42,43]
				IDX [42,35,34]
				IDX [13,43,40]
				IDX [43,13,35]
				IDX [37,40,36]
				IDX [40,37,41]
				IDX [38,41,37]
				IDX [41,38,42]
				IDX [43,38,39]
				IDX [38,43,42]
				IDX [40,39,36]
				IDX [39,40,43]
				IDX [35,0,6]
				IDX [0,35,10]
				IDX [8,28,34]
				IDX [12,28,14]
				IDX [28,12,34]
				IDX [29,16,11]
				IDX [45,47,44]
				IDX [47,45,46]
				IDX [49,51,48]
				IDX [51,49,50]
				IDX [53,55,52]
				IDX [55,53,54]
				IDX [57,59,56]
				IDX [59,57,58]
				IDX [61,63,60]
				IDX [63,61,62]
				IDX [64,65,66]
				IDX [64,67,65]
				IDX [67,64,49]
				IDX [48,68,69]
				IDX [68,48,45]
				IDX [48,46,45]
				IDX [46,48,51]
				IDX [71,73,70]
				IDX [73,71,72]
				IDX [74,75,68]
				IDX [64,50,49]
				IDX [50,64,76]
				IDX [77,79,80]
				IDX [79,77,78]
				IDX [49,48,69]
				IDX [81,63,62]
				IDX [63,81,82]
				IDX [83,84,66]
				IDX [59,83,85]
				IDX [83,59,84]
				IDX [55,86,75]
				IDX [86,55,56]
				IDX [52,75,74]
				IDX [75,52,55]
				IDX [56,85,86]
				IDX [85,56,59]
				IDX [82,87,63]
				IDX [63,87,60]
				IDX [84,90,66]
				IDX [90,88,89]
				IDX [84,88,90]
				IDX [64,90,76]
				IDX [90,64,66]
				IDX [44,61,60]
				IDX [61,44,47]
				IDX [53,82,81]
				IDX [82,53,52]
				IDX [52,87,82]
				IDX [87,52,74]
				IDX [74,60,87]
				IDX [60,74,44]
				IDX [53,91,54]
				IDX [92,58,57]
				IDX [58,92,93]
				IDX [56,54,57]
				IDX [54,56,55]
				IDX [84,58,88]
				IDX [58,84,59]
				IDX [92,72,71]
				IDX [72,92,57]
				IDX [57,73,72]
				IDX [73,57,54]
				IDX [54,70,73]
				IDX [70,54,91]
				IDX [89,79,78]
				IDX [79,89,88]
				IDX [88,80,79]
				IDX [80,88,58]
				IDX [58,77,80]
				IDX [77,58,93]
				IDX [95,97,94]
				IDX [97,95,96]
				IDX [85,96,95]
				IDX [96,85,83]
				IDX [83,97,96]
				IDX [97,83,65]
				IDX [65,94,97]
				IDX [94,65,67]
				IDX [67,95,94]
				IDX [95,67,85]
				IDX [99,101,98]
				IDX [101,99,100]
				IDX [75,102,103]
				IDX [102,75,86]
				IDX [86,104,102]
				IDX [104,86,69]
				IDX [68,104,69]
				IDX [104,68,105]
				IDX [75,105,68]
				IDX [105,75,103]
				IDX [100,103,102]
				IDX [103,100,99]
				IDX [101,102,104]
				IDX [102,101,100]
				IDX [105,101,104]
				IDX [101,105,98]
				IDX [103,98,105]
				IDX [98,103,99]
				IDX [68,44,74]
				IDX [44,68,45]
				IDX [49,69,67]
				IDX [86,67,69]
				IDX [67,86,85]
				IDX [65,83,66]
			}
			VERTEXWEIGHT 0
			{
			}
		}
	}
	BONEGROUP 0
	{
	}
}
