VERTEX = 134
0 -187.5 0
0 187.5 0
48.5286 -181.111 0
93.75 -162.38 0
132.583 -132.583 0
162.38 -93.75 0
181.111 -48.5286 0
187.5 0 0
181.111 48.5286 0
162.38 93.75 0
132.583 132.583 0
93.75 162.38 0
48.5286 181.111 0
42.027 -181.111 -24.2643
81.19 -162.38 -46.875
114.82 -132.583 -66.2913
140.625 -93.75 -81.19
156.847 -48.5286 -90.5556
162.38 0 -93.75
156.847 48.5286 -90.5556
140.625 93.75 -81.19
114.82 132.583 -66.2913
81.19 162.38 -46.875
42.0269 181.111 -24.2643
24.2643 -181.111 -42.027
46.875 -162.38 -81.19
66.2913 -132.583 -114.82
81.19 -93.75 -140.625
90.5556 -48.5286 -156.847
93.75 0 -162.38
90.5556 48.5286 -156.847
81.19 93.75 -140.625
66.2913 132.583 -114.82
46.875 162.38 -81.19
24.2643 181.111 -42.0269
0 -181.111 -48.5286
0 -162.38 -93.75
0 -132.583 -132.583
0 -93.75 -162.38
0 -48.5286 -181.111
0 0 -187.5
0 48.5286 -181.111
0 93.75 -162.38
0 132.583 -132.583
0 162.38 -93.75
0 181.111 -48.5286
-24.2643 -181.111 -42.027
-46.875 -162.38 -81.19
-66.2913 -132.583 -114.82
-81.19 -93.75 -140.625
-90.5556 -48.5286 -156.847
-93.75 0 -162.38
-90.5556 48.5286 -156.847
-81.19 93.75 -140.625
-66.2913 132.583 -114.82
-46.875 162.38 -81.19
-24.2643 181.111 -42.0269
-42.027 -181.111 -24.2643
-81.19 -162.38 -46.875
-114.82 -132.583 -66.2913
-140.625 -93.75 -81.19
-156.847 -48.5286 -90.5556
-162.38 0 -93.75
-156.847 48.5286 -90.5556
-140.625 93.75 -81.19
-114.82 132.583 -66.2913
-81.19 162.38 -46.875
-42.0269 181.111 -24.2643
-48.5286 -181.111 0
-93.75 -162.38 0
-132.583 -132.583 0
-162.38 -93.75 0
-181.111 -48.5286 0
-187.5 0 0
-181.111 48.5286 0
-162.38 93.75 0
-132.583 132.583 0
-93.75 162.38 0
-48.5286 181.111 0
-42.027 -181.111 24.2643
-81.19 -162.38 46.875
-114.82 -132.583 66.2913
-140.625 -93.75 81.19
-156.847 -48.5286 90.5556
-162.38 0 93.75
-156.847 48.5286 90.5556
-140.625 93.75 81.19
-114.82 132.583 66.2913
-81.19 162.38 46.875
-42.0269 181.111 24.2643
-24.2643 -181.111 42.027
-46.875 -162.38 81.19
-66.2913 -132.583 114.82
-81.19 -93.75 140.625
-90.5556 -48.5286 156.847
-93.75 0 162.38
-90.5556 48.5286 156.847
-81.19 93.75 140.625
-66.2913 132.583 114.82
-46.875 162.38 81.19
-24.2643 181.111 42.0269
0 -181.111 48.5286
0 -162.38 93.75
0 -132.583 132.583
0 -93.75 162.38
0 -48.5286 181.111
0 0 187.5
0 48.5286 181.111
0 93.75 162.38
0 132.583 132.583
0 162.38 93.75
0 181.111 48.5286
24.2643 -181.111 42.027
46.875 -162.38 81.19
66.2913 -132.583 114.82
81.19 -93.75 140.625
90.5556 -48.5286 156.847
93.75 0 162.38
90.5556 48.5286 156.847
81.19 93.75 140.625
66.2913 132.583 114.82
46.875 162.38 81.19
24.2643 181.111 42.0269
42.027 -181.111 24.2643
81.19 -162.38 46.875
114.82 -132.583 66.2913
140.625 -93.75 81.19
156.847 -48.5286 90.5556
162.38 0 93.75
156.847 48.5286 90.5556
140.625 93.75 81.19
114.82 132.583 66.2913
81.19 162.38 46.875
42.0269 181.111 24.2643
FACE = 264
13 2 0
2 13 14
2 14 3
3 14 15
3 15 4
4 15 16
4 16 5
5 16 17
5 17 6
6 17 18
6 18 7
7 18 19
7 19 8
8 19 20
8 20 9
9 20 21
9 21 10
10 21 22
10 22 11
11 22 23
11 23 12
12 23 1
24 13 0
13 24 25
13 25 14
14 25 26
14 26 15
15 26 27
15 27 16
16 27 28
16 28 17
17 28 29
17 29 18
18 29 30
18 30 19
19 30 31
19 31 20
20 31 32
20 32 21
21 32 33
21 33 22
22 33 34
22 34 23
23 34 1
35 24 0
24 35 36
24 36 25
25 36 37
25 37 26
26 37 38
26 38 27
27 38 39
27 39 28
28 39 40
28 40 29
29 40 41
29 41 30
30 41 42
30 42 31
31 42 43
31 43 32
32 43 44
32 44 33
33 44 45
33 45 34
34 45 1
46 35 0
35 46 47
35 47 36
36 47 48
36 48 37
37 48 49
37 49 38
38 49 50
38 50 39
39 50 51
39 51 40
40 51 52
40 52 41
41 52 53
41 53 42
42 53 54
42 54 43
43 54 55
43 55 44
44 55 56
44 56 45
45 56 1
57 46 0
46 57 58
46 58 47
47 58 59
47 59 48
48 59 60
48 60 49
49 60 61
49 61 50
50 61 62
50 62 51
51 62 63
51 63 52
52 63 64
52 64 53
53 64 65
53 65 54
54 65 66
54 66 55
55 66 67
55 67 56
56 67 1
68 57 0
57 68 69
57 69 58
58 69 70
58 70 59
59 70 71
59 71 60
60 71 72
60 72 61
61 72 73
61 73 62
62 73 74
62 74 63
63 74 75
63 75 64
64 75 76
64 76 65
65 76 77
65 77 66
66 77 78
66 78 67
67 78 1
79 68 0
68 79 80
68 80 69
69 80 81
69 81 70
70 81 82
70 82 71
71 82 83
71 83 72
72 83 84
72 84 73
73 84 85
73 85 74
74 85 86
74 86 75
75 86 87
75 87 76
76 87 88
76 88 77
77 88 89
77 89 78
78 89 1
90 79 0
79 90 91
79 91 80
80 91 92
80 92 81
81 92 93
81 93 82
82 93 94
82 94 83
83 94 95
83 95 84
84 95 96
84 96 85
85 96 97
85 97 86
86 97 98
86 98 87
87 98 99
87 99 88
88 99 100
88 100 89
89 100 1
101 90 0
90 101 102
90 102 91
91 102 103
91 103 92
92 103 104
92 104 93
93 104 105
93 105 94
94 105 106
94 106 95
95 106 107
95 107 96
96 107 108
96 108 97
97 108 109
97 109 98
98 109 110
98 110 99
99 110 111
99 111 100
100 111 1
112 101 0
101 112 113
101 113 102
102 113 114
102 114 103
103 114 115
103 115 104
104 115 116
104 116 105
105 116 117
105 117 106
106 117 118
106 118 107
107 118 119
107 119 108
108 119 120
108 120 109
109 120 121
109 121 110
110 121 122
110 122 111
111 122 1
123 112 0
112 123 124
112 124 113
113 124 125
113 125 114
114 125 126
114 126 115
115 126 127
115 127 116
116 127 128
116 128 117
117 128 129
117 129 118
118 129 130
118 130 119
119 130 131
119 131 120
120 131 132
120 132 121
121 132 133
121 133 122
122 133 1
2 123 0
123 2 3
123 3 124
124 3 4
124 4 125
125 4 5
125 5 126
126 5 6
126 6 127
127 6 7
127 7 128
128 7 8
128 8 129
129 8 9
129 9 130
130 9 10
130 10 131
131 10 11
131 11 132
132 11 12
132 12 133
133 12 1
